7 0.052734 0.711111 0.105469 0.550000
4 0.219141 0.813889 0.260156 0.352778
4 0.245703 0.404861 0.199219 0.320833
0 0.224609 0.751389 0.016406 0.050000
0 0.151172 0.727778 0.033594 0.027778
0 0.160938 0.793056 0.017188 0.055556
0 0.144531 0.787500 0.014062 0.066667
0 0.228906 0.429861 0.012500 0.045833
0 0.219141 0.436806 0.014844 0.043056
0 0.020312 0.396528 0.010937 0.045833
0 0.032422 0.386806 0.013281 0.037500
4 0.071875 0.339583 0.142188 0.184722
5 0.472656 0.568056 0.073437 0.277778
2 0.686719 0.611806 0.023438 0.040278
2 0.824609 0.546528 0.019531 0.037500
0 0.446484 0.595833 0.010156 0.013889
0 0.628906 0.621528 0.010937 0.020833
2 0.828516 0.463889 0.032031 0.038889
